Accuracy: 0.9986443602304585
Error rate: 0.0013556397695412394
Precision: 0.9702940535065707
Recall: 0.9726422743117764
F-1 Score: 0.9714667448866171